1 0,883 path: 1 
2 0,837967 path: 1 1 
3 0,556410088 path: 1 1 1 
4 0,311033239192 path: 1 1 1 1 
5 0,161426251140648 path: 1 1 1 1 1 
6 0,0255053476802224 path: 1 1 1 1 1 1 
7 0,0742560755246981 path: 1 1 1 1 1 0 
8 0,0616648279357275 path: 1 1 1 1 1 2 
9 0,0077758309798 path: 1 1 1 1 0 
10 0,0012285812948084 path: 1 1 1 1 0 1 
11 0,003576882250708 path: 1 1 1 1 0 0 
12 0,0029703674342836 path: 1 1 1 1 0 2 
13 0,141831157071552 path: 1 1 1 1 2 
14 0,0224093228173052 path: 1 1 1 1 2 1 
15 0,0652423322529139 path: 1 1 1 1 2 0 
16 0,0541795020013329 path: 1 1 1 1 2 2 
17 0,060092289504 path: 1 1 1 0 
18 0,031187898252576 path: 1 1 1 0 1 
19 0,00492768792390701 path: 1 1 1 0 1 1 
20 0,014346433196185 path: 1 1 1 0 1 0 
21 0,011913777132484 path: 1 1 1 0 1 2 
22 0,0015023072376 path: 1 1 1 0 0 
23 0,0002373645435408 path: 1 1 1 0 0 1 
24 0,000691061329296 path: 1 1 1 0 0 0 
25 0,0005738813647632 path: 1 1 1 0 0 2 
26 0,027402084013824 path: 1 1 1 0 2 
27 0,00432952927418419 path: 1 1 1 0 2 1 
28 0,012604958646359 path: 1 1 1 0 2 0 
29 0,0104675960932808 path: 1 1 1 0 2 2 
30 0,185284559304 path: 1 1 1 2 
31 0,096162686278776 path: 1 1 1 2 1 
32 0,0151937044320466 path: 1 1 1 2 1 1 
33 0,044234835688237 path: 1 1 1 2 1 0 
34 0,0367341461584924 path: 1 1 1 2 1 2 
35 0,0046321139826 path: 1 1 1 2 0 
36 0,0007318740092508 path: 1 1 1 2 0 1 
37 0,002130772431996 path: 1 1 1 2 0 0 
38 0,0017694675413532 path: 1 1 1 2 0 2 
39 0,084489759042624 path: 1 1 1 2 2 
40 0,0133493819287346 path: 1 1 1 2 2 1 
41 0,038865289159607 path: 1 1 1 2 2 0 
42 0,0322750879542824 path: 1 1 1 2 2 2 
43 0,102231974 path: 1 1 0 
44 0,057147673466 path: 1 1 0 1 
45 0,029659642528854 path: 1 1 0 1 1 
46 0,00468622351955893 path: 1 1 0 1 1 1 
47 0,0136434355632728 path: 1 1 0 1 1 0 
48 0,0113299834460222 path: 1 1 0 1 1 2 
49 0,00142869183665 path: 1 1 0 1 0 
50 0,0002257333101907 path: 1 1 0 1 0 1 
51 0,000657198244859 path: 1 1 0 1 0 0 
52 0,0005457602816003 path: 1 1 0 1 0 2 
53 0,026059339100496 path: 1 1 0 1 2 
54 0,00411737557787837 path: 1 1 0 1 2 1 
55 0,0119872959862282 path: 1 1 0 1 2 0 
56 0,00995466753638947 path: 1 1 0 1 2 2 
57 0,011041053192 path: 1 1 0 0 
58 0,005730306606648 path: 1 1 0 0 1 
59 0,000905388443850384 path: 1 1 0 0 1 1 
60 0,00263594103905808 path: 1 1 0 0 1 0 
61 0,00218897712373954 path: 1 1 0 0 1 2 
62 0,0002760263298 path: 1 1 0 0 0 
63 4,36121601084E-05 path: 1 1 0 0 0 1 
64 0,000126972111708 path: 1 1 0 0 0 0 
65 0,0001054420579836 path: 1 1 0 0 0 2 
66 0,005034720255552 path: 1 1 0 0 2 
67 0,000795485800377216 path: 1 1 0 0 2 1 
68 0,00231597131755392 path: 1 1 0 0 2 0 
69 0,00192326313762086 path: 1 1 0 0 2 2 
70 0,034043247342 path: 1 1 0 2 
71 0,017668445370498 path: 1 1 0 2 1 
72 0,00279161436853868 path: 1 1 0 2 1 1 
73 0,00812748487042908 path: 1 1 0 2 1 0 
74 0,00674934613153023 path: 1 1 0 2 1 2 
75 0,00085108118355 path: 1 1 0 2 0 
76 0,0001344708270009 path: 1 1 0 2 0 1 
77 0,000391497344433 path: 1 1 0 2 0 0 
78 0,0003251130121161 path: 1 1 0 2 0 2 
79 0,015523720787952 path: 1 1 0 2 2 
80 0,00245274788449642 path: 1 1 0 2 2 1 
81 0,00714091156245792 path: 1 1 0 2 2 0 
82 0,00593006134099766 path: 1 1 0 2 2 2 
83 0,179324938 path: 1 1 2 
84 0,100242640342 path: 1 1 2 1 
85 0,052025930337498 path: 1 1 2 1 1 
86 0,00822009699332468 path: 1 1 2 1 1 1 
87 0,0239319279552491 path: 1 1 2 1 1 0 
88 0,0198739053889242 path: 1 1 2 1 1 2 
89 0,00250606600855 path: 1 1 2 1 0 
90 0,0003959584293509 path: 1 1 2 1 0 1 
91 0,001152790363933 path: 1 1 2 1 0 0 
92 0,0009573172152661 path: 1 1 2 1 0 2 
93 0,045710643995952 path: 1 1 2 1 2 
94 0,00722228175136042 path: 1 1 2 1 2 1 
95 0,0210268962381379 path: 1 1 2 1 2 0 
96 0,0174614660064537 path: 1 1 2 1 2 2 
97 0,019367093304 path: 1 1 2 0 
98 0,010051521424776 path: 1 1 2 0 1 
99 0,00158814038511461 path: 1 1 2 0 1 1 
100 0,00462369985539696 path: 1 1 2 0 1 0 
101 0,00383968118426443 path: 1 1 2 0 1 2 
102 0,0004841773326 path: 1 1 2 0 0 
103 7,65000185508E-05 path: 1 1 2 0 0 1 
104 0,000222721572996 path: 1 1 2 0 0 0 
105 0,0001849557410532 path: 1 1 2 0 0 2 
106 0,008831394546624 path: 1 1 2 0 2 
107 0,00139536033836659 path: 1 1 2 0 2 1 
108 0,00406244149144704 path: 1 1 2 0 2 0 
109 0,00337359271681037 path: 1 1 2 0 2 2 
110 0,059715204354 path: 1 1 2 2 
111 0,030992191059726 path: 1 1 2 2 1 
112 0,00489676618743671 path: 1 1 2 2 1 1 
113 0,014256407887474 path: 1 1 2 2 1 0 
114 0,0118390169848153 path: 1 1 2 2 1 2 
115 0,00149288010885 path: 1 1 2 2 0 
116 0,0002358750571983 path: 1 1 2 2 0 1 
117 0,000686724850071 path: 1 1 2 2 0 0 
118 0,0005702802015807 path: 1 1 2 2 0 2 
119 0,027230133185424 path: 1 1 2 2 2 
120 0,00430236104329699 path: 1 1 2 2 2 1 
121 0,012525861265295 path: 1 1 2 2 2 0 
122 0,010401910876832 path: 1 1 2 2 2 2 
123 0,033554 path: 1 0 
124 0,022279856 path: 1 0 1 
125 0,012454439504 path: 1 0 1 1 
126 0,006463854102576 path: 1 0 1 1 1 
127 0,00102128894820701 path: 1 0 1 1 1 1 
128 0,00297337288718496 path: 1 0 1 1 1 0 
129 0,00246919226718403 path: 1 0 1 1 1 2 
130 0,0003113609876 path: 1 0 1 1 0 
131 4,91950360408E-05 path: 1 0 1 1 0 1 
132 0,000143226054296 path: 1 0 1 1 0 0 
133 0,0001189398972632 path: 1 0 1 1 0 2 
134 0,005679224413824 path: 1 0 1 1 2 
135 0,000897317457384192 path: 1 0 1 1 2 1 
136 0,00261244323035904 path: 1 0 1 1 2 0 
137 0,00216946372608077 path: 1 0 1 1 2 2 
138 0,002406224448 path: 1 0 1 0 
139 0,001248830488512 path: 1 0 1 0 1 
140 0,000197315217184896 path: 1 0 1 0 1 1 
141 0,00057446202471552 path: 1 0 1 0 1 0 
142 0,000477053246611584 path: 1 0 1 0 1 2 
143 6,01556112E-05 path: 1 0 1 0 0 
144 9,5045865696E-06 path: 1 0 1 0 0 1 
145 2,7671581152E-05 path: 1 0 1 0 0 0 
146 2,29794434784E-05 path: 1 0 1 0 0 2 
147 0,001097238348288 path: 1 0 1 0 2 
148 0,000173363659029504 path: 1 0 1 0 2 1 
149 0,00050472964021248 path: 1 0 1 0 2 0 
150 0,000419145049046016 path: 1 0 1 0 2 2 
151 0,007419192048 path: 1 0 1 2 
152 0,003850560672912 path: 1 0 1 2 1 
153 0,000608388586320096 path: 1 0 1 2 1 1 
154 0,00177125790953952 path: 1 0 1 2 1 0 
155 0,00147091417705238 path: 1 0 1 2 1 2 
156 0,0001854798012 path: 1 0 1 2 0 
157 2,93058085896E-05 path: 1 0 1 2 0 1 
158 8,5320708552E-05 path: 1 0 1 2 0 0 
159 7,08532840584E-05 path: 1 0 1 2 0 2 
160 0,003383151573888 path: 1 0 1 2 2 
161 0,000534537948674304 path: 1 0 1 2 2 1 
162 0,00155624972398848 path: 1 0 1 2 2 0 
163 0,00129236390122522 path: 1 0 1 2 2 2 
164 0,004093588 path: 1 0 0 
165 0,002288315692 path: 1 0 0 1 
166 0,001187635844148 path: 1 0 0 1 1 
167 0,000187646463375384 path: 1 0 0 1 1 1 
168 0,00054631248830808 path: 1 0 0 1 1 0 
169 0,000453676892464536 path: 1 0 0 1 1 2 
170 5,72078923E-05 path: 1 0 0 1 0 
171 9,0388469834E-06 path: 1 0 0 1 0 1 
172 2,6315630458E-05 path: 1 0 0 1 0 0 
173 2,18534148586E-05 path: 1 0 0 1 0 2 
174 0,001043471955552 path: 1 0 0 1 2 
175 0,000164868568977216 path: 1 0 0 1 2 1 
176 0,00047999709955392 path: 1 0 0 1 2 0 
177 0,000398606287020864 path: 1 0 0 1 2 2 
178 0,000442107504 path: 1 0 0 0 
179 0,000229453794576 path: 1 0 0 0 1 
180 3,6253699543008E-05 path: 1 0 0 0 1 1 
181 0,00010554874550496 path: 1 0 0 0 1 0 
182 8,7651349528032E-05 path: 1 0 0 0 1 2 
183 1,10526876E-05 path: 1 0 0 0 0 
184 1,7463246408E-06 path: 1 0 0 0 0 1 
185 5,084236296E-06 path: 1 0 0 0 0 0 
186 4,2221266632E-06 path: 1 0 0 0 0 2 
187 0,000201601021824 path: 1 0 0 0 2 
188 3,1852961448192E-05 path: 1 0 0 0 2 1 
189 9,273647003904E-05 path: 1 0 0 0 2 0 
190 7,7011590336768E-05 path: 1 0 0 0 2 2 
191 0,001363164804 path: 1 0 0 2 
192 0,000707482533276 path: 1 0 0 2 1 
193 0,000111782240257608 path: 1 0 0 2 1 1 
194 0,00032544196530696 path: 1 0 0 2 1 0 
195 0,000270258327711432 path: 1 0 0 2 1 2 
196 3,40791201E-05 path: 1 0 0 2 0 
197 5,3845009758E-06 path: 1 0 0 2 0 1 
198 1,5676395246E-05 path: 1 0 0 2 0 0 
199 1,30182238782E-05 path: 1 0 0 2 0 2 
200 0,000621603150624 path: 1 0 0 2 2 
201 9,8213297798592E-05 path: 1 0 0 2 2 1 
202 0,00028593744928704 path: 1 0 0 2 2 0 
203 0,000237452403538368 path: 1 0 0 2 2 2 
204 0,007180556 path: 1 0 2 
205 0,004013930804 path: 1 0 2 1 
206 0,002083230087276 path: 1 0 2 1 1 
207 0,000329150353789608 path: 1 0 2 1 1 1 
208 0,00095828584014696 path: 1 0 2 1 1 0 
209 0,000795793893339432 path: 1 0 2 1 1 2 
210 0,0001003482701 path: 1 0 2 1 0 
211 1,58550266758E-05 path: 1 0 2 1 0 1 
212 4,6160204246E-05 path: 1 0 2 1 0 0 
213 3,83330391782E-05 path: 1 0 2 1 0 2 
214 0,001830352446624 path: 1 0 2 1 2 
215 0,000289195686566592 path: 1 0 2 1 2 1 
216 0,00084196212544704 path: 1 0 2 1 2 0 
217 0,000699194634610368 path: 1 0 2 1 2 2 
218 0,000775500048 path: 1 0 2 0 
219 0,000402484524912 path: 1 0 2 0 1 
220 6,3592554936096E-05 path: 1 0 2 0 1 1 
221 0,00018514288145952 path: 1 0 2 0 1 0 
222 0,000153749088516384 path: 1 0 2 0 1 2 
223 1,93875012E-05 path: 1 0 2 0 0 
224 3,0632251896E-06 path: 1 0 2 0 0 1 
225 8,918250552E-06 path: 1 0 2 0 0 0 
226 7,4060254584E-06 path: 1 0 2 0 0 2 
227 0,000353628021888 path: 1 0 2 0 2 
228 5,5873227458304E-05 path: 1 0 2 0 2 1 
229 0,00016266889006848 path: 1 0 2 0 2 0 
230 0,000135085904361216 path: 1 0 2 0 2 2 
231 0,002391125148 path: 1 0 2 2 
232 0,001240993951812 path: 1 0 2 2 1 
233 0,000196077044386296 path: 1 0 2 2 1 1 
234 0,00057085721783352 path: 1 0 2 2 1 0 
235 0,000474059689592184 path: 1 0 2 2 1 2 
236 5,97781287E-05 path: 1 0 2 2 0 
237 9,4449443346E-06 path: 1 0 2 2 0 1 
238 2,7497939202E-05 path: 1 0 2 2 0 0 
239 2,28352451634E-05 path: 1 0 2 2 0 2 
240 0,001090353067488 path: 1 0 2 2 2 
241 0,000172275784663104 path: 1 0 2 2 2 1 
242 0,00050156241104448 path: 1 0 2 2 2 0 
243 0,000416514871780416 path: 1 0 2 2 2 2 
244 0,011479 path: 1 2 
245 0,00762205600000003 path: 1 2 1 
246 0,00426072930400002 path: 1 2 1 1 
247 0,00221131850877601 path: 1 2 1 1 1 
248 0,000349388324386609 path: 1 2 1 1 1 1 
249 0,00101720651403696 path: 1 2 1 1 1 0 
250 0,000844723670352435 path: 1 2 1 1 1 2 
251 0,0001065182326 path: 1 2 1 1 0 
252 1,68298807508001E-05 path: 1 2 1 1 0 1 
253 4,89983869960002E-05 path: 1 2 1 1 0 0 
254 4,06899648532001E-05 path: 1 2 1 1 0 2 
255 0,00194289256262401 path: 1 2 1 1 2 
256 0,000306977024894593 path: 1 2 1 1 2 1 
257 0,000893730578807043 path: 1 2 1 1 2 0 
258 0,000742184958922371 path: 1 2 1 1 2 2 
259 0,000823182048000003 path: 1 2 1 0 
260 0,000427231482912002 path: 1 2 1 0 1 
261 6,75025743000963E-05 path: 1 2 1 0 1 1 
262 0,000196526482139521 path: 1 2 1 0 1 0 
263 0,000163202426472385 path: 1 2 1 0 1 2 
264 2,05795512000001E-05 path: 1 2 1 0 0 
265 3,25156908960001E-06 path: 1 2 1 0 0 1 
266 9,46659355200004E-06 path: 1 2 1 0 0 0 
267 7,86138855840003E-06 path: 1 2 1 0 0 2 
268 0,000375371013888001 path: 1 2 1 0 2 
269 5,93086201943042E-05 path: 1 2 1 0 2 1 
270 0,000172670666388481 path: 1 2 1 0 2 0 
271 0,000143391727305216 path: 1 2 1 0 2 2 
272 0,00253814464800001 path: 1 2 1 2 
273 0,001317297072312 path: 1 2 1 2 1 
274 0,000208132937425297 path: 1 2 1 2 1 1 
275 0,000605956653263522 path: 1 2 1 2 1 0 
276 0,000503207481623186 path: 1 2 1 2 1 2 
277 6,34536162000002E-05 path: 1 2 1 2 0 
278 1,00256713596E-05 path: 1 2 1 2 0 1 
279 2,91886634520001E-05 path: 1 2 1 2 0 0 
280 2,42392813884001E-05 path: 1 2 1 2 0 2 
281 0,001157393959488 path: 1 2 1 2 2 
282 0,000182868245599105 path: 1 2 1 2 2 1 
283 0,000532401221364482 path: 1 2 1 2 2 0 
284 0,000442124492524417 path: 1 2 1 2 2 2 
285 0,001400438 path: 1 2 0 
286 0,000782844842000003 path: 1 2 0 1 
287 0,000406296472998001 path: 1 2 0 1 1 
288 6,41948427336842E-05 path: 1 2 0 1 1 1 
289 0,000186896377579081 path: 1 2 0 1 1 0 
290 0,000155205252685237 path: 1 2 0 1 1 2 
291 1,95711210500001E-05 path: 1 2 0 1 0 
292 3,09223712590001E-06 path: 1 2 0 1 0 1 
293 9,00271568300003E-06 path: 1 2 0 1 0 0 
294 7,47616824110003E-06 path: 1 2 0 1 0 2 
295 0,000356977247952001 path: 1 2 0 1 2 
296 5,64024051764162E-05 path: 1 2 0 1 2 1 
297 0,000164209534057921 path: 1 2 0 1 2 0 
298 0,000136365308717664 path: 1 2 0 1 2 2 
299 0,000151247304000001 path: 1 2 0 0 
300 7,84973507760003E-05 path: 1 2 0 0 1 
301 1,2402581422608E-05 path: 1 2 0 0 1 1 
302 3,61087813569601E-05 path: 1 2 0 0 1 0 
303 2,99859879964321E-05 path: 1 2 0 0 1 2 
304 3,78118260000001E-06 path: 1 2 0 0 0 
305 5,97426850800002E-07 path: 1 2 0 0 0 1 
306 1,73934399600001E-06 path: 1 2 0 0 0 0 
307 1,44441175320001E-06 path: 1 2 0 0 0 2 
308 6,89687706240002E-05 path: 1 2 0 0 2 
309 1,0897065758592E-05 path: 1 2 0 0 2 1 
310 3,17256344870401E-05 path: 1 2 0 0 2 0 
311 2,63460703783681E-05 path: 1 2 0 0 2 2 
312 0,000466345854000002 path: 1 2 0 2 
313 0,000242033498226001 path: 1 2 0 2 1 
314 3,82412927197081E-05 path: 1 2 0 2 1 1 
315 0,00011133540918396 path: 1 2 0 2 1 0 
316 9,24567963223323E-05 path: 1 2 0 2 1 2 
317 1,165864635E-05 path: 1 2 0 2 0 
318 1,84206612330001E-06 path: 1 2 0 2 0 1 
319 5,36297732100002E-06 path: 1 2 0 2 0 0 
320 4,45360290570002E-06 path: 1 2 0 2 0 2 
321 0,000212653709424001 path: 1 2 0 2 2 
322 3,35992860889921E-05 path: 1 2 0 2 2 1 
323 9,78207063350403E-05 path: 1 2 0 2 2 0 
324 8,12337169999683E-05 path: 1 2 0 2 2 2 
325 0,00245650600000001 path: 1 2 2 
326 0,001373186854 path: 1 2 2 1 
327 0,000712683977226003 path: 1 2 2 1 1 
328 0,000112604068401708 path: 1 2 2 1 1 1 
329 0,000327834629523961 path: 1 2 2 1 1 0 
330 0,000272245279300333 path: 1 2 2 1 1 2 
331 3,43296713500001E-05 path: 1 2 2 1 0 
332 5,42408807330002E-06 path: 1 2 2 1 0 1 
333 1,57916488210001E-05 path: 1 2 2 1 0 0 
334 1,31139344557E-05 path: 1 2 2 1 0 2 
335 0,000626173205424002 path: 1 2 2 1 2 
336 9,89353664569923E-05 path: 1 2 2 1 2 1 
337 0,000288039674495041 path: 1 2 2 1 2 0 
338 0,000239198164471969 path: 1 2 2 1 2 2 
339 0,000265302648000001 path: 1 2 2 0 
340 0,000137692074312 path: 1 2 2 0 1 
341 2,17553477412961E-05 path: 1 2 2 0 1 1 
342 6,33383541835202E-05 path: 1 2 2 0 1 0 
343 5,25983723871842E-05 path: 1 2 2 0 1 2 
344 6,63256620000002E-06 path: 1 2 2 0 0 
345 1,0479454596E-06 path: 1 2 2 0 0 1 
346 3,05098045200001E-06 path: 1 2 2 0 0 0 
347 2,53364028840001E-06 path: 1 2 2 0 0 2 
348 0,000120978007488 path: 1 2 2 0 2 
349 1,91145251831041E-05 path: 1 2 2 0 2 1 
350 5,56498834444802E-05 path: 1 2 2 0 2 0 
351 4,62135988604162E-05 path: 1 2 2 0 2 2 
352 0,000818016498000003 path: 1 2 2 2 
353 0,000424550562462001 path: 1 2 2 2 1 
354 6,70789888689962E-05 path: 1 2 2 2 1 1 
355 0,000195293258732521 path: 1 2 2 2 1 0 
356 0,000162178314860485 path: 1 2 2 2 1 2 
357 2,04504124500001E-05 path: 1 2 2 2 0 
358 3,23116516710001E-06 path: 1 2 2 2 0 1 
359 9,40718972700003E-06 path: 1 2 2 2 0 0 
360 7,81205755590003E-06 path: 1 2 2 2 0 2 
361 0,000373015523088001 path: 1 2 2 2 2 
362 5,89364526479042E-05 path: 1 2 2 2 2 1 
363 0,000171587140620481 path: 1 2 2 2 2 0 
364 0,000142491929819616 path: 1 2 2 2 2 2 
365 0,057 path: 0 
366 0,054093 path: 0 1 
367 0,035917752 path: 0 1 1 
368 0,020078023368 path: 0 1 1 1 
369 0,010420494127992 path: 0 1 1 1 1 
370 0,00164643807222274 path: 0 1 1 1 1 1 
371 0,00479342729887632 path: 0 1 1 1 1 0 
372 0,00398062875689295 path: 0 1 1 1 1 2 
373 0,0005019505842 path: 0 1 1 1 0 
374 7,93081923036E-05 path: 0 1 1 1 0 1 
375 0,000230897268732 path: 0 1 1 1 0 0 
376 0,0001917451231644 path: 0 1 1 1 0 2 
377 0,009155578655808 path: 0 1 1 1 2 
378 0,00144658142761766 path: 0 1 1 1 2 1 
379 0,00421156618167168 path: 0 1 1 1 2 0 
380 0,00349743104651866 path: 0 1 1 1 2 2 
381 0,003879117216 path: 0 1 1 0 
382 0,002013261835104 path: 0 1 1 0 1 
383 0,000318095369946432 path: 0 1 1 0 1 1 
384 0,00092610044414784 path: 0 1 1 0 1 0 
385 0,000769066021009728 path: 0 1 1 0 1 2 
386 9,69779304E-05 path: 0 1 1 0 0 
387 1,53225130032E-05 path: 0 1 1 0 0 1 
388 4,4609847984E-05 path: 0 1 1 0 0 0 
389 3,70455694128E-05 path: 0 1 1 0 0 2 
390 0,001768877450496 path: 0 1 1 0 2 
391 0,000279482637178368 path: 0 1 1 0 2 1 
392 0,00081368362722816 path: 0 1 1 0 2 0 
393 0,000675711186089472 path: 0 1 1 0 2 2 
394 0,011960611416 path: 0 1 1 2 
395 0,006207557324904 path: 0 1 1 2 1 
396 0,000980794057334832 path: 0 1 1 2 1 1 
397 0,00285547636945584 path: 0 1 1 2 1 0 
398 0,00237128689811333 path: 0 1 1 2 1 2 
399 0,0002990152854 path: 0 1 1 2 0 
400 4,72444150932E-05 path: 0 1 1 2 0 1 
401 0,000137547031284 path: 0 1 1 2 0 0 
402 0,0001142238390228 path: 0 1 1 2 0 2 
403 0,005454038805696 path: 0 1 1 2 2 
404 0,000861738131299968 path: 0 1 1 2 2 1 
405 0,00250885785062016 path: 0 1 1 2 2 0 
406 0,00208344282377587 path: 0 1 1 2 2 2 
407 0,006599346 path: 0 1 0 
408 0,003689034414 path: 0 1 0 1 
409 0,001914608860866 path: 0 1 0 1 1 
410 0,000302508200016828 path: 0 1 0 1 1 1 
411 0,00088072007599836 path: 0 1 0 1 1 0 
412 0,000731380584850812 path: 0 1 0 1 1 2 
413 9,222586035E-05 path: 0 1 0 1 0 
414 1,45716859353E-05 path: 0 1 0 1 0 1 
415 4,2423895761E-05 path: 0 1 0 1 0 0 
416 3,52302786537E-05 path: 0 1 0 1 0 2 
417 0,001682199692784 path: 0 1 0 1 2 
418 0,000265787551459872 path: 0 1 0 1 2 1 
419 0,00077381185868064 path: 0 1 0 1 2 0 
420 0,000642600282643488 path: 0 1 0 1 2 2 
421 0,000712729368 path: 0 1 0 0 
422 0,000369906541992 path: 0 1 0 0 1 
423 5,8445233634736E-05 path: 0 1 0 0 1 1 
424 0,00017015700931632 path: 0 1 0 0 1 0 
425 0,000141304299040944 path: 0 1 0 0 1 2 
426 1,78182342E-05 path: 0 1 0 0 0 
427 2,8152810036E-06 path: 0 1 0 0 0 1 
428 8,196387732E-06 path: 0 1 0 0 0 0 
429 6,8065654644E-06 path: 0 1 0 0 0 2 
430 0,000325004591808 path: 0 1 0 0 2 
431 5,1350725505664E-05 path: 0 1 0 0 2 1 
432 0,00014950211223168 path: 0 1 0 0 2 0 
433 0,000124151754070656 path: 0 1 0 0 2 2 
434 0,002197582218 path: 0 1 0 2 
435 0,001140545171142 path: 0 1 0 2 1 
436 0,000180206137040436 path: 0 1 0 2 1 1 
437 0,00052465077872532 path: 0 1 0 2 1 0 
438 0,000435688255376244 path: 0 1 0 2 1 2 
439 5,493955545E-05 path: 0 1 0 2 0 
440 8,6804497611E-06 path: 0 1 0 2 0 1 
441 2,5272195507E-05 path: 0 1 0 2 0 0 
442 2,09869101819E-05 path: 0 1 0 2 0 2 
443 0,001002097491408 path: 0 1 0 2 2 
444 0,000158331403642464 path: 0 1 0 2 2 1 
445 0,00046096484604768 path: 0 1 0 2 2 0 
446 0,000382801241717856 path: 0 1 0 2 2 2 
447 0,011575902 path: 0 1 2 
448 0,006470929218 path: 0 1 2 1 
449 0,003358412264142 path: 0 1 2 1 1 
450 0,000530629137734436 path: 0 1 2 1 1 1 
451 0,00154486964150532 path: 0 1 2 1 1 0 
452 0,00128291348490224 path: 0 1 2 1 1 2 
453 0,00016177323045 path: 0 1 2 1 0 
454 2,55601704111E-05 path: 0 1 2 1 0 1 
455 7,4415686007E-05 path: 0 1 2 1 0 0 
456 6,17973740319E-05 path: 0 1 2 1 0 2 
457 0,002950743723408 path: 0 1 2 1 2 
458 0,000466217508298464 path: 0 1 2 1 2 1 
459 0,00135734211276768 path: 0 1 2 1 2 0 
460 0,00112718410234186 path: 0 1 2 1 2 2 
461 0,001250197416 path: 0 1 2 0 
462 0,000648852458904 path: 0 1 2 0 1 
463 0,000102518688506832 path: 0 1 2 0 1 1 
464 0,00029847213109584 path: 0 1 2 0 1 0 
465 0,000247861639301328 path: 0 1 2 0 1 2 
466 3,12549354E-05 path: 0 1 2 0 0 
467 4,9382797932E-06 path: 0 1 2 0 0 1 
468 1,4377270284E-05 path: 0 1 2 0 0 0 
469 1,19393853228E-05 path: 0 1 2 0 0 2 
470 0,000570090021696 path: 0 1 2 0 2 
471 9,0074223427968E-05 path: 0 1 2 0 2 1 
472 0,00026224140998016 path: 0 1 2 0 2 0 
473 0,000217774388287872 path: 0 1 2 0 2 2 
474 0,003854775366 path: 0 1 2 2 
475 0,002000628414954 path: 0 1 2 2 1 
476 0,000316099289562732 path: 0 1 2 2 1 1 
477 0,00092028907087884 path: 0 1 2 2 1 0 
478 0,000764240054512428 path: 0 1 2 2 1 2 
479 9,636938415E-05 path: 0 1 2 2 0 
480 1,52263626957E-05 path: 0 1 2 2 0 1 
481 4,4329916709E-05 path: 0 1 2 2 0 0 
482 3,68131047453E-05 path: 0 1 2 2 0 2 
483 0,001757777566896 path: 0 1 2 2 2 
484 0,000277728855569568 path: 0 1 2 2 2 1 
485 0,00080857768077216 path: 0 1 2 2 2 0 
486 0,000671471030554272 path: 0 1 2 2 2 2 
487 0,002166 path: 0 0 
488 0,001438224 path: 0 0 1 
489 0,000803967216 path: 0 0 1 1 
490 0,000417258985104 path: 0 0 1 1 1 
491 6,5926919646432E-05 path: 0 0 1 1 1 1 
492 0,00019193913314784 path: 0 0 1 1 1 0 
493 0,000159392932309728 path: 0 0 1 1 1 2 
494 2,00991804E-05 path: 0 0 1 1 0 
495 3,1756705032E-06 path: 0 0 1 1 0 1 
496 9,245622984E-06 path: 0 0 1 1 0 0 
497 7,6778869128E-06 path: 0 0 1 1 0 2 
498 0,000366609050496 path: 0 0 1 1 2 
499 5,7924229978368E-05 path: 0 0 1 1 2 1 
500 0,00016864016322816 path: 0 0 1 1 2 0 
501 0,000140044657289472 path: 0 0 1 1 2 2 
502 0,000155328192 path: 0 0 1 0 
503 8,0615331648E-05 path: 0 0 1 0 1 
504 1,2737222400384E-05 path: 0 0 1 0 1 1 
505 3,708305255808E-05 path: 0 0 1 0 1 0 
506 3,0795056689536E-05 path: 0 0 1 0 1 2 
507 3,8832048E-06 path: 0 0 1 0 0 
508 6,135463584E-07 path: 0 0 1 0 0 1 
509 1,786274208E-06 path: 0 0 1 0 0 0 
510 1,4833842336E-06 path: 0 0 1 0 0 2 
511 7,0829655552E-05 path: 0 0 1 0 2 
512 1,1191085577216E-05 path: 0 0 1 0 2 1 
513 3,258164155392E-05 path: 0 0 1 0 2 0 
514 2,7056928420864E-05 path: 0 0 1 0 2 2 
515 0,000478928592 path: 0 0 1 2 
516 0,000248563939248 path: 0 0 1 2 1 
517 3,9273102401184E-05 path: 0 0 1 2 1 1 
518 0,00011433941205408 path: 0 0 1 2 1 0 
519 9,4951424792736E-05 path: 0 0 1 2 1 2 
520 1,19732148E-05 path: 0 0 1 2 0 
521 1,8917679384E-06 path: 0 0 1 2 0 1 
522 5,507678808E-06 path: 0 0 1 2 0 0 
523 4,5737680536E-06 path: 0 0 1 2 0 2 
524 0,000218391437952 path: 0 0 1 2 2 
525 3,4505847196416E-05 path: 0 0 1 2 2 1 
526 0,00010046006145792 path: 0 0 1 2 2 0 
527 8,3425529297664E-05 path: 0 0 1 2 2 2 
528 0,000264252 path: 0 0 0 
529 0,000147716868 path: 0 0 0 1 
530 7,6665054492E-05 path: 0 0 0 1 1 
531 1,2113078609736E-05 path: 0 0 0 1 1 1 
532 3,526592506632E-05 path: 0 0 0 1 1 0 
533 2,9286050815944E-05 path: 0 0 0 1 1 2 
534 3,6929217E-06 path: 0 0 0 1 0 
535 5,834816286E-07 path: 0 0 0 1 0 1 
536 1,698743982E-06 path: 0 0 0 1 0 0 
537 1,4106960894E-06 path: 0 0 0 1 0 2 
538 6,7358891808E-05 path: 0 0 0 1 2 
539 1,0642704905664E-05 path: 0 0 0 1 2 1 
540 3,098509023168E-05 path: 0 0 0 1 2 0 
541 2,5731096670656E-05 path: 0 0 0 1 2 2 
542 2,8539216E-05 path: 0 0 0 0 
543 1,4811853104E-05 path: 0 0 0 0 1 
544 2,340272790432E-06 path: 0 0 0 0 1 1 
545 6,81345242784E-06 path: 0 0 0 0 1 0 
546 5,658127885728E-06 path: 0 0 0 0 1 2 
547 7,134804E-07 path: 0 0 0 0 0 
548 1,127299032E-07 path: 0 0 0 0 0 1 
549 3,28200984E-07 path: 0 0 0 0 0 0 
550 2,725495128E-07 path: 0 0 0 0 0 2 
551 1,3013882496E-05 path: 0 0 0 0 2 
552 2,056193434368E-06 path: 0 0 0 0 2 1 
553 5,98638594816E-06 path: 0 0 0 0 2 0 
554 4,971303113472E-06 path: 0 0 0 0 2 2 
555 8,7995916E-05 path: 0 0 0 2 
556 4,5669880404E-05 path: 0 0 0 2 1 
557 7,215841103832E-06 path: 0 0 0 2 1 1 
558 2,100814498584E-05 path: 0 0 0 2 1 0 
559 1,7445894314328E-05 path: 0 0 0 2 1 2 
560 2,1998979E-06 path: 0 0 0 2 0 
561 3,475838682E-07 path: 0 0 0 2 0 1 
562 1,011953034E-06 path: 0 0 0 2 0 0 
563 8,403609978E-07 path: 0 0 0 2 0 2 
564 4,0126137696E-05 path: 0 0 0 2 2 
565 6,339929755968E-06 path: 0 0 0 2 2 1 
566 1,845802334016E-05 path: 0 0 0 2 2 0 
567 1,5328184599872E-05 path: 0 0 0 2 2 2 
568 0,000463524 path: 0 0 2 
569 0,000259109916 path: 0 0 2 1 
570 0,000134478046404 path: 0 0 2 1 1 
571 2,1247531331832E-05 path: 0 0 2 1 1 1 
572 6,185990134584E-05 path: 0 0 2 1 1 0 
573 5,1370613726328E-05 path: 0 0 2 1 1 2 
574 6,4777479E-06 path: 0 0 2 1 0 
575 1,0234841682E-06 path: 0 0 2 1 0 1 
576 2,979764034E-06 path: 0 0 2 1 0 0 
577 2,4744996978E-06 path: 0 0 2 1 0 2 
578 0,000118154121696 path: 0 0 2 1 2 
579 1,8668351227968E-05 path: 0 0 2 1 2 1 
580 5,435089598016E-05 path: 0 0 2 1 2 0 
581 4,5134874487872E-05 path: 0 0 2 1 2 2 
582 5,0060592E-05 path: 0 0 2 0 
583 2,5981447248E-05 path: 0 0 2 0 1 
584 4,105068665184E-06 path: 0 0 2 0 1 1 
585 1,195146573408E-05 path: 0 0 2 0 1 0 
586 9,924912848736E-06 path: 0 0 2 0 1 2 
587 1,2515148E-06 path: 0 0 2 0 0 
588 1,977393384E-07 path: 0 0 2 0 0 1 
589 5,75696808E-07 path: 0 0 2 0 0 0 
590 4,780786536E-07 path: 0 0 2 0 0 2 
591 2,2827629952E-05 path: 0 0 2 0 2 
592 3,606765532416E-06 path: 0 0 2 0 2 1 
593 1,050070977792E-05 path: 0 0 2 0 2 0 
594 8,720154641664E-06 path: 0 0 2 0 2 2 
595 0,000154353492 path: 0 0 2 2 
596 8,0109462348E-05 path: 0 0 2 2 1 
597 1,2657295050984E-05 path: 0 0 2 2 1 1 
598 3,685035268008E-05 path: 0 0 2 2 1 0 
599 3,0601814616936E-05 path: 0 0 2 2 1 2 
600 3,8588373E-06 path: 0 0 2 2 0 
601 6,096962934E-07 path: 0 0 2 2 0 1 
602 1,775065158E-06 path: 0 0 2 2 0 0 
603 1,4740758486E-06 path: 0 0 2 2 0 2 
604 7,0385192352E-05 path: 0 0 2 2 2 
605 1,1120860391616E-05 path: 0 0 2 2 2 1 
606 3,237718848192E-05 path: 0 0 2 2 2 0 
607 2,6887143478464E-05 path: 0 0 2 2 2 2 
608 0,000741000000000003 path: 0 2 
609 0,000492024000000002 path: 0 2 1 
610 0,000275041416000001 path: 0 2 1 1 
611 0,000142746494904001 path: 0 2 1 1 1 
612 2,25539461948321E-05 path: 0 2 1 1 1 1 
613 6,56633876558402E-05 path: 0 2 1 1 1 0 
614 5,45291610533282E-05 path: 0 2 1 1 1 2 
615 6,87603540000003E-06 path: 0 2 1 1 0 
616 1,0864135932E-06 path: 0 2 1 1 0 1 
617 3,16297628400001E-06 path: 0 2 1 1 0 0 
618 2,62664552280001E-06 path: 0 2 1 1 0 2 
619 0,000125418885696 path: 0 2 1 1 2 
620 1,98161839399681E-05 path: 0 2 1 1 2 1 
621 5,76926874201602E-05 path: 0 2 1 1 2 0 
622 4,79100143358722E-05 path: 0 2 1 1 2 2 
623 5,31385920000002E-05 path: 0 2 1 0 
624 2,75789292480001E-05 path: 0 2 1 0 1 
625 4,35747082118402E-06 path: 0 2 1 0 1 1 
626 1,268630745408E-05 path: 0 2 1 0 1 0 
627 1,0535150972736E-05 path: 0 2 1 0 1 2 
628 1,3284648E-06 path: 0 2 1 0 0 
629 2,09897438400001E-07 path: 0 2 1 0 0 1 
630 6,11093808000002E-07 path: 0 2 1 0 0 0 
631 5,07473553600002E-07 path: 0 2 1 0 0 2 
632 2,42311979520001E-05 path: 0 2 1 0 2 
633 3,82852927641601E-06 path: 0 2 1 0 2 1 
634 1,114635105792E-05 path: 0 2 1 0 2 0 
635 9,25631761766403E-06 path: 0 2 1 0 2 2 
636 0,000163843992000001 path: 0 2 1 2 
637 8,50350318480003E-05 path: 0 2 1 2 1 
638 1,3435535031984E-05 path: 0 2 1 2 1 1 
639 3,91161146500801E-05 path: 0 2 1 2 1 0 
640 3,24833821659361E-05 path: 0 2 1 2 1 2 
641 4,09609980000001E-06 path: 0 2 1 2 0 
642 6,47183768400002E-07 path: 0 2 1 2 0 1 
643 1,88420590800001E-06 path: 0 2 1 2 0 0 
644 1,56471012360001E-06 path: 0 2 1 2 0 2 
645 7,47128603520003E-05 path: 0 2 1 2 2 
646 1,1804631935616E-05 path: 0 2 1 2 2 1 
647 3,43679157619201E-05 path: 0 2 1 2 2 0 
648 2,85403126544641E-05 path: 0 2 1 2 2 2 
649 9,04020000000003E-05 path: 0 2 0 
650 5,05347180000002E-05 path: 0 2 0 1 
651 2,62275186420001E-05 path: 0 2 0 1 1 
652 4,14394794543602E-06 path: 0 2 0 1 1 1 
653 1,206465857532E-05 path: 0 2 0 1 1 0 
654 1,0018912121244E-05 path: 0 2 0 1 1 2 
655 1,26336795E-06 path: 0 2 0 1 0 
656 1,99612136100001E-07 path: 0 2 0 1 0 1 
657 5,81149257000002E-07 path: 0 2 0 1 0 0 
658 4,82606556900002E-07 path: 0 2 0 1 0 2 
659 2,30438314080001E-05 path: 0 2 0 1 2 
660 3,64092536246401E-06 path: 0 2 0 1 2 1 
661 1,060016244768E-05 path: 0 2 0 1 2 0 
662 8,80274359785603E-06 path: 0 2 0 1 2 2 
663 9,76341600000003E-06 path: 0 2 0 0 
664 5,06721290400002E-06 path: 0 2 0 0 1 
665 8,00619638832003E-07 path: 0 2 0 0 1 1 
666 2,33091793584001E-06 path: 0 2 0 0 1 0 
667 1,93567532932801E-06 path: 0 2 0 0 1 2 
668 2,44085400000001E-07 path: 0 2 0 0 0 
669 3,85654932000001E-08 path: 0 2 0 0 0 1 
670 1,12279284E-07 path: 0 2 0 0 0 0 
671 9,32406228000003E-08 path: 0 2 0 0 0 2 
672 4,45211769600002E-06 path: 0 2 0 0 2 
673 7,03434595968002E-07 path: 0 2 0 0 2 1 
674 2,04797414016001E-06 path: 0 2 0 0 2 0 
675 1,70070895987201E-06 path: 0 2 0 0 2 2 
676 3,01038660000001E-05 path: 0 2 0 2 
677 1,56239064540001E-05 path: 0 2 0 2 1 
678 2,46857721973201E-06 path: 0 2 0 2 1 1 
679 7,18699696884003E-06 path: 0 2 0 2 1 0 
680 5,96833226542802E-06 path: 0 2 0 2 1 2 
681 7,52596650000003E-07 path: 0 2 0 2 0 
682 1,189102707E-07 path: 0 2 0 2 0 1 
683 3,46194459000001E-07 path: 0 2 0 2 0 0 
684 2,87491920300001E-07 path: 0 2 0 2 0 2 
685 1,3727362896E-05 path: 0 2 0 2 2 
686 2,16892333756801E-06 path: 0 2 0 2 2 1 
687 6,31458693216002E-06 path: 0 2 0 2 2 0 
688 5,24385262627202E-06 path: 0 2 0 2 2 2 
689 0,000158574000000001 path: 0 2 2 
690 8,86428660000003E-05 path: 0 2 2 1 
691 4,60056474540002E-05 path: 0 2 2 1 1 
692 7,26889229773203E-06 path: 0 2 2 1 1 1 
693 2,11625978288401E-05 path: 0 2 2 1 1 0 
694 1,75741573274281E-05 path: 0 2 2 1 1 2 
695 2,21607165000001E-06 path: 0 2 2 1 0 
696 3,50139320700001E-07 path: 0 2 2 1 0 1 
697 1,019392959E-06 path: 0 2 2 1 0 0 
698 8,46539370300003E-07 path: 0 2 2 1 0 2 
699 4,04211468960001E-05 path: 0 2 2 1 2 
700 6,38654120956802E-06 path: 0 2 2 1 2 1 
701 1,85937275721601E-05 path: 0 2 2 1 2 0 
702 1,54408781142721E-05 path: 0 2 2 1 2 2 
703 1,71259920000001E-05 path: 0 2 2 0 
704 8,88838984800003E-06 path: 0 2 2 0 1 
705 1,404365595984E-06 path: 0 2 2 0 1 1 
706 4,08865933008001E-06 path: 0 2 2 0 1 0 
707 3,39536492193601E-06 path: 0 2 2 0 1 2 
708 4,28149800000001E-07 path: 0 2 2 0 0 
709 6,76476684000002E-08 path: 0 2 2 0 0 1 
710 1,96948908000001E-07 path: 0 2 2 0 0 0 
711 1,63553223600001E-07 path: 0 2 2 0 0 2 
712 7,80945235200003E-06 path: 0 2 2 0 2 
713 1,233893471616E-06 path: 0 2 2 0 2 1 
714 3,59234808192001E-06 path: 0 2 2 0 2 0 
715 2,98321079846401E-06 path: 0 2 2 0 2 2 
716 5,28051420000002E-05 path: 0 2 2 2 
717 2,74058686980001E-05 path: 0 2 2 2 1 
718 4,33012725428401E-06 path: 0 2 2 2 1 1 
719 1,260669960108E-05 path: 0 2 2 2 1 0 
720 1,0469041842636E-05 path: 0 2 2 2 1 2 
721 1,32012855E-06 path: 0 2 2 2 0 
722 2,08580310900001E-07 path: 0 2 2 2 0 1 
723 6,07259133000002E-07 path: 0 2 2 2 0 0 
724 5,04289106100002E-07 path: 0 2 2 2 0 2 
725 2,40791447520001E-05 path: 0 2 2 2 2 
726 3,80450487081601E-06 path: 0 2 2 2 2 1 
727 1,107640658592E-05 path: 0 2 2 2 2 0 
728 9,19823329526403E-06 path: 0 2 2 2 2 2 
729 0,06 path: 2 
730 0,05694 path: 2 1 
731 0,03780816 path: 2 1 1 
732 0,02113476144 path: 2 1 1 1 
733 0,01096894118736 path: 2 1 1 1 1 
734 0,00173309270760288 path: 2 1 1 1 1 1 
735 0,0050457129461856 path: 2 1 1 1 1 0 
736 0,00419013553357152 path: 2 1 1 1 1 2 
737 0,000528369036 path: 2 1 1 1 0 
738 8,3482307688E-05 path: 2 1 1 1 0 1 
739 0,00024304975656 path: 2 1 1 1 0 0 
740 0,000201836971752 path: 2 1 1 1 0 2 
741 0,00963745121664 path: 2 1 1 1 2 
742 0,00152271729222912 path: 2 1 1 1 2 1 
743 0,0044332275596544 path: 2 1 1 1 2 0 
744 0,00368150636475648 path: 2 1 1 1 2 2 
745 0,00408328128 path: 2 1 1 0 
746 0,00211922298432 path: 2 1 1 0 1 
747 0,00033483723152256 path: 2 1 1 0 1 1 
748 0,0009748425727872 path: 2 1 1 0 1 0 
749 0,00080954318001024 path: 2 1 1 0 1 2 
750 0,000102082032 path: 2 1 1 0 0 
751 1,6128961056E-05 path: 2 1 1 0 0 1 
752 4,695773472E-05 path: 2 1 1 0 0 0 
753 3,8995336224E-05 path: 2 1 1 0 0 2 
754 0,00186197626368 path: 2 1 1 0 2 
755 0,00029419224966144 path: 2 1 1 0 2 1 
756 0,0008565090812928 path: 2 1 1 0 2 0 
757 0,00071127493272576 path: 2 1 1 0 2 2 
758 0,01259011728 path: 2 1 1 2 
759 0,00653427086832 path: 2 1 1 2 1 
760 0,00103241479719456 path: 2 1 1 2 1 1 
761 0,0030057645994272 path: 2 1 1 2 1 0 
762 0,00249609147169824 path: 2 1 1 2 1 2 
763 0,000314752932 path: 2 1 1 2 0 
764 4,9730963256E-05 path: 2 1 1 2 0 1 
765 0,00014478634872 path: 2 1 1 2 0 0 
766 0,000120235620024 path: 2 1 1 2 0 2 
767 0,00574109347968 path: 2 1 1 2 2 
768 0,00090709276978944 path: 2 1 1 2 2 1 
769 0,0026409030006528 path: 2 1 1 2 2 0 
770 0,00219309770923776 path: 2 1 1 2 2 2 
771 0,00694668 path: 2 1 0 
772 0,00388319412 path: 2 1 0 1 
773 0,00201537774828 path: 2 1 0 1 1 
774 0,00031842968422824 path: 2 1 0 1 1 1 
775 0,0009270737642088 path: 2 1 0 1 1 0 
776 0,00076987429984296 path: 2 1 0 1 1 2 
777 9,7079853E-05 path: 2 1 0 1 0 
778 1,5338616774E-05 path: 2 1 0 1 0 1 
779 4,465673238E-05 path: 2 1 0 1 0 0 
780 3,7084503846E-05 path: 2 1 0 1 0 2 
781 0,00177073651872 path: 2 1 0 1 2 
782 0,00027977636995776 path: 2 1 0 1 2 1 
783 0,0008145387986112 path: 2 1 0 1 2 0 
784 0,00067642135015104 path: 2 1 0 1 2 2 
785 0,00075024144 path: 2 1 0 0 
786 0,00038937530736 path: 2 1 0 0 1 
787 6,152129856288E-05 path: 2 1 0 0 1 1 
788 0,0001791126413856 path: 2 1 0 0 1 0 
789 0,00014874136741152 path: 2 1 0 0 1 2 
790 1,8756036E-05 path: 2 1 0 0 0 
791 2,963453688E-06 path: 2 1 0 0 0 1 
792 8,62777656E-06 path: 2 1 0 0 0 0 
793 7,164805752E-06 path: 2 1 0 0 0 2 
794 0,00034211009664 path: 2 1 0 0 2 
795 5,405339526912E-05 path: 2 1 0 0 2 1 
796 0,0001573706444544 path: 2 1 0 0 2 0 
797 0,00013068605691648 path: 2 1 0 0 2 2 
798 0,00231324444 path: 2 1 0 2 
799 0,00120057386436 path: 2 1 0 2 1 
800 0,00018969067056888 path: 2 1 0 2 1 1 
801 0,0005522639776056 path: 2 1 0 2 1 0 
802 0,00045861921618552 path: 2 1 0 2 1 2 
803 5,7831111E-05 path: 2 1 0 2 0 
804 9,137315538E-06 path: 2 1 0 2 0 1 
805 2,660231106E-05 path: 2 1 0 2 0 0 
806 2,2091484402E-05 path: 2 1 0 2 0 2 
807 0,00105483946464 path: 2 1 0 2 2 
808 0,00016666463541312 path: 2 1 0 2 2 1 
809 0,0004852261537344 path: 2 1 0 2 2 0 
810 0,00040294867549248 path: 2 1 0 2 2 2 
811 0,01218516 path: 2 1 2 
812 0,00681150444 path: 2 1 2 1 
813 0,00353517080436 path: 2 1 2 1 1 
814 0,00055855698708888 path: 2 1 2 1 1 1 
815 0,0016261785700056 path: 2 1 2 1 1 0 
816 0,00135043524726552 path: 2 1 2 1 1 2 
817 0,000170287611 path: 2 1 2 1 0 
818 2,6905442538E-05 path: 2 1 2 1 0 1 
819 7,833230106E-05 path: 2 1 2 1 0 0 
820 6,5049867402E-05 path: 2 1 2 1 0 2 
821 0,00310604602464 path: 2 1 2 1 2 
822 0,00049075527189312 path: 2 1 2 1 2 1 
823 0,0014287811713344 path: 2 1 2 1 2 0 
824 0,00118650958141248 path: 2 1 2 1 2 2 
825 0,00131599728 path: 2 1 2 0 
826 0,00068300258832 path: 2 1 2 0 1 
827 0,00010791440895456 path: 2 1 2 0 1 1 
828 0,0003141811906272 path: 2 1 2 0 1 0 
829 0,00026090698873824 path: 2 1 2 0 1 2 
830 3,2899932E-05 path: 2 1 2 0 0 
831 5,198189256E-06 path: 2 1 2 0 0 1 
832 1,513396872E-05 path: 2 1 2 0 0 0 
833 1,2567774024E-05 path: 2 1 2 0 0 2 
834 0,00060009475968 path: 2 1 2 0 2 
835 9,481497202944E-05 path: 2 1 2 0 2 1 
836 0,0002760435894528 path: 2 1 2 0 2 0 
837 0,00022923619819776 path: 2 1 2 0 2 2 
838 0,00405765828 path: 2 1 2 2 
839 0,00210592464732 path: 2 1 2 2 1 
840 0,00033273609427656 path: 2 1 2 2 1 1 
841 0,0009687253377672 path: 2 1 2 2 1 0 
842 0,00080446321527624 path: 2 1 2 2 1 2 
843 0,000101441457 path: 2 1 2 2 0 
844 1,6027750206E-05 path: 2 1 2 2 0 1 
845 4,666307022E-05 path: 2 1 2 2 0 0 
846 3,8750636574E-05 path: 2 1 2 2 0 2 
847 0,00185029217568 path: 2 1 2 2 2 
848 0,00029234616375744 path: 2 1 2 2 2 1 
849 0,0008511344008128 path: 2 1 2 2 2 0 
850 0,00070681161110976 path: 2 1 2 2 2 2 
851 0,00228 path: 2 0 
852 0,00151392 path: 2 0 1 
853 0,00084628128 path: 2 0 1 1 
854 0,00043921998432 path: 2 0 1 1 1 
855 6,939675752256E-05 path: 2 0 1 1 1 1 
856 0,0002020411927872 path: 2 0 1 1 1 0 
857 0,00016778203401024 path: 2 0 1 1 1 2 
858 2,1157032E-05 path: 2 0 1 1 0 
859 3,342811056E-06 path: 2 0 1 1 0 1 
860 9,73223472E-06 path: 2 0 1 1 0 0 
861 8,081986224E-06 path: 2 0 1 1 0 2 
862 0,00038590426368 path: 2 0 1 1 2 
863 6,097287366144E-05 path: 2 0 1 1 2 1 
864 0,0001775159612928 path: 2 0 1 1 2 0 
865 0,00014741542872576 path: 2 0 1 1 2 2 
866 0,00016350336 path: 2 0 1 0 
867 8,485824384E-05 path: 2 0 1 0 1 
868 1,340760252672E-05 path: 2 0 1 0 1 1 
869 3,90347921664E-05 path: 2 0 1 0 1 0 
870 3,241584914688E-05 path: 2 0 1 0 1 2 
871 4,087584E-06 path: 2 0 1 0 0 
872 6,45838272E-07 path: 2 0 1 0 0 1 
873 1,88028864E-06 path: 2 0 1 0 0 0 
874 1,561457088E-06 path: 2 0 1 0 0 2 
875 7,455753216E-05 path: 2 0 1 0 2 
876 1,178009008128E-05 path: 2 0 1 0 2 1 
877 3,42964647936E-05 path: 2 0 1 0 2 0 
878 2,848097728512E-05 path: 2 0 1 0 2 2 
879 0,00050413536 path: 2 0 1 2 
880 0,00026164625184 path: 2 0 1 2 1 
881 4,134010779072E-05 path: 2 0 1 2 1 1 
882 0,0001203572758464 path: 2 0 1 2 1 0 
883 9,99488682028799E-05 path: 2 0 1 2 1 2 
884 1,2603384E-05 path: 2 0 1 2 0 
885 1,991334672E-06 path: 2 0 1 2 0 1 
886 5,79755664E-06 path: 2 0 1 2 0 0 
887 4,814492688E-06 path: 2 0 1 2 0 2 
888 0,00022988572416 path: 2 0 1 2 2 
889 3,632194441728E-05 path: 2 0 1 2 2 1 
890 0,0001057474331136 path: 2 0 1 2 2 0 
891 8,781634662912E-05 path: 2 0 1 2 2 2 
892 0,00027816 path: 2 0 0 
893 0,00015549144 path: 2 0 0 1 
894 8,070005736E-05 path: 2 0 0 1 1 
895 1,275060906288E-05 path: 2 0 0 1 1 1 
896 3,71220263856E-05 path: 2 0 0 1 1 0 
897 3,082742191152E-05 path: 2 0 0 1 1 2 
898 3,887286E-06 path: 2 0 0 1 0 
899 6,14191188E-07 path: 2 0 0 1 0 1 
900 1,78815156E-06 path: 2 0 0 1 0 0 
901 1,484943252E-06 path: 2 0 0 1 0 2 
902 7,090409664E-05 path: 2 0 0 1 2 
903 1,120284726912E-05 path: 2 0 0 1 2 1 
904 3,26158844544E-05 path: 2 0 0 1 2 0 
905 2,708536491648E-05 path: 2 0 0 1 2 2 
906 3,004128E-05 path: 2 0 0 0 
907 1,559142432E-05 path: 2 0 0 0 1 
908 2,46344504256E-06 path: 2 0 0 0 1 1 
909 7,1720551872E-06 path: 2 0 0 0 1 0 
910 5,95592409024E-06 path: 2 0 0 0 1 2 
911 7,51032E-07 path: 2 0 0 0 0 
912 1,18663056E-07 path: 2 0 0 0 0 1 
913 3,4547472E-07 path: 2 0 0 0 0 0 
914 2,86894224E-07 path: 2 0 0 0 0 2 
915 1,369882368E-05 path: 2 0 0 0 2 
916 2,16441414144E-06 path: 2 0 0 0 2 1 
917 6,3014588928E-06 path: 2 0 0 0 2 0 
918 5,23295064576E-06 path: 2 0 0 0 2 2 
919 9,262728E-05 path: 2 0 0 2 
920 4,807355832E-05 path: 2 0 0 2 1 
921 7,59562221456E-06 path: 2 0 0 2 1 1 
922 2,21138368272E-05 path: 2 0 0 2 1 0 
923 1,836409927824E-05 path: 2 0 0 2 1 2 
924 2,315682E-06 path: 2 0 0 2 0 
925 3,65877756E-07 path: 2 0 0 2 0 1 
926 1,06521372E-06 path: 2 0 0 2 0 0 
927 8,84590524E-07 path: 2 0 0 2 0 2 
928 4,223803968E-05 path: 2 0 0 2 2 
929 6,67361026944E-06 path: 2 0 0 2 2 1 
930 1,94294982528E-05 path: 2 0 0 2 2 0 
931 1,613493115776E-05 path: 2 0 0 2 2 2 
932 0,00048792 path: 2 0 2 
933 0,00027274728 path: 2 0 2 1 
934 0,00014155583832 path: 2 0 2 1 1 
935 2,236582245456E-05 path: 2 0 2 1 1 1 
936 6,51156856272E-05 path: 2 0 2 1 1 0 
937 5,407433023824E-05 path: 2 0 2 1 1 2 
938 6,818682E-06 path: 2 0 2 1 0 
939 1,077351756E-06 path: 2 0 2 1 0 1 
940 3,13659372E-06 path: 2 0 2 1 0 0 
941 2,604736524E-06 path: 2 0 2 1 0 2 
942 0,00012437275968 path: 2 0 2 1 2 
943 1,965089602944E-05 path: 2 0 2 1 2 1 
944 5,72114694528E-05 path: 2 0 2 1 2 0 
945 4,751039419776E-05 path: 2 0 2 1 2 2 
946 5,269536E-05 path: 2 0 2 0 
947 2,734889184E-05 path: 2 0 2 0 1 
948 4,32112491072E-06 path: 2 0 2 0 1 1 
949 1,25804902464E-05 path: 2 0 2 0 1 0 
950 1,044727668288E-05 path: 2 0 2 0 1 2 
951 1,317384E-06 path: 2 0 2 0 0 
952 2,08146672E-07 path: 2 0 2 0 0 1 
953 6,0599664E-07 path: 2 0 2 0 0 0 
954 5,03240688E-07 path: 2 0 2 0 0 2 
955 2,402908416E-05 path: 2 0 2 0 2 
956 3,79659529728E-06 path: 2 0 2 0 2 1 
957 1,10533787136E-05 path: 2 0 2 0 2 0 
958 9,17911014912E-06 path: 2 0 2 0 2 2 
959 0,00016247736 path: 2 0 2 2 
960 8,432574984E-05 path: 2 0 2 2 1 
961 1,332346847472E-05 path: 2 0 2 2 1 1 
962 3,87898449264E-05 path: 2 0 2 2 1 0 
963 3,221243643888E-05 path: 2 0 2 2 1 2 
964 4,061934E-06 path: 2 0 2 2 0 
965 6,41785572E-07 path: 2 0 2 2 0 1 
966 1,86848964E-06 path: 2 0 2 2 0 0 
967 1,551658788E-06 path: 2 0 2 2 0 2 
968 7,408967616E-05 path: 2 0 2 2 2 
969 1,170616883328E-05 path: 2 0 2 2 2 1 
970 3,40812510336E-05 path: 2 0 2 2 2 0 
971 2,830225629312E-05 path: 2 0 2 2 2 2 
972 0,000780000000000003 path: 2 2 
973 0,000517920000000002 path: 2 2 1 
974 0,000289517280000001 path: 2 2 1 1 
975 0,000150259468320001 path: 2 2 1 1 1 
976 2,37409959945601E-05 path: 2 2 1 1 1 1 
977 6,91193554272002E-05 path: 2 2 1 1 1 0 
978 5,73991168982402E-05 path: 2 2 1 1 1 2 
979 7,23793200000003E-06 path: 2 2 1 1 0 
980 1,143593256E-06 path: 2 2 1 1 0 1 
981 3,32944872000001E-06 path: 2 2 1 1 0 0 
982 2,76489002400001E-06 path: 2 2 1 1 0 2 
983 0,00013201987968 path: 2 2 1 1 2 
984 2,08591409894401E-05 path: 2 2 1 1 2 1 
985 6,07291446528002E-05 path: 2 2 1 1 2 0 
986 5,04315940377602E-05 path: 2 2 1 1 2 2 
987 5,59353600000002E-05 path: 2 2 1 0 
988 2,90304518400001E-05 path: 2 2 1 0 1 
989 4,58681139072002E-06 path: 2 2 1 0 1 1 
990 1,33540078464E-05 path: 2 2 1 0 1 0 
991 1,108963260288E-05 path: 2 2 1 0 1 2 
992 1,398384E-06 path: 2 2 1 0 0 
993 2,20944672000001E-07 path: 2 2 1 0 0 1 
994 6,43256640000002E-07 path: 2 2 1 0 0 0 
995 5,34182688000002E-07 path: 2 2 1 0 0 2 
996 2,55065241600001E-05 path: 2 2 1 0 2 
997 4,03003081728001E-06 path: 2 2 1 0 2 1 
998 1,17330011136E-05 path: 2 2 1 0 2 0 
999 9,74349222912003E-06 path: 2 2 1 0 2 2 
1000 0,000172467360000001 path: 2 2 1 2 
1001 8,95105598400003E-05 path: 2 2 1 2 1 
1002 1,414266845472E-05 path: 2 2 1 2 1 1 
1003 4,11748575264001E-05 path: 2 2 1 2 1 0 
1004 3,41930338588801E-05 path: 2 2 1 2 1 2 
1005 4,31168400000001E-06 path: 2 2 1 2 0 
1006 6,81246072000002E-07 path: 2 2 1 2 0 1 
1007 1,98337464000001E-06 path: 2 2 1 2 0 0 
1008 1,64706328800001E-06 path: 2 2 1 2 0 2 
1009 7,86451161600003E-05 path: 2 2 1 2 2 
1010 1,242592835328E-05 path: 2 2 1 2 2 1 
1011 3,61767534336001E-05 path: 2 2 1 2 2 0 
1012 3,00424343731201E-05 path: 2 2 1 2 2 2 
1013 9,51600000000003E-05 path: 2 2 0 
1014 5,31944400000002E-05 path: 2 2 0 1 
1015 2,76079143600001E-05 path: 2 2 0 1 1 
1016 4,36205046888002E-06 path: 2 2 0 1 1 1 
1017 1,26996406056E-05 path: 2 2 0 1 1 0 
1018 1,054622328552E-05 path: 2 2 0 1 1 2 
1019 1,329861E-06 path: 2 2 0 1 0 
1020 2,10118038000001E-07 path: 2 2 0 1 0 1 
1021 6,11736060000002E-07 path: 2 2 0 1 0 0 
1022 5,08006902000002E-07 path: 2 2 0 1 0 2 
1023 2,42566646400001E-05 path: 2 2 0 1 2 
1024 3,83255301312001E-06 path: 2 2 0 1 2 1 
1025 1,11580657344E-05 path: 2 2 0 1 2 0 
1026 9,26604589248003E-06 path: 2 2 0 1 2 2 
1027 1,027728E-05 path: 2 2 0 0 
1028 5,33390832000002E-06 path: 2 2 0 0 1 
1029 8,42757514560003E-07 path: 2 2 0 0 1 1 
1030 2,45359782720001E-06 path: 2 2 0 0 1 0 
1031 2,03755297824001E-06 path: 2 2 0 0 1 2 
1032 2,56932000000001E-07 path: 2 2 0 0 0 
1033 4,05952560000001E-08 path: 2 2 0 0 0 1 
1034 1,1818872E-07 path: 2 2 0 0 0 0 
1035 9,81480240000003E-08 path: 2 2 0 0 0 2 
1036 4,68643968000002E-06 path: 2 2 0 0 2 
1037 7,40457469440003E-07 path: 2 2 0 0 2 1 
1038 2,15576225280001E-06 path: 2 2 0 0 2 0 
1039 1,79021995776001E-06 path: 2 2 0 0 2 2 
1040 3,16882800000001E-05 path: 2 2 0 2 
1041 1,64462173200001E-05 path: 2 2 0 2 1 
1042 2,59850233656001E-06 path: 2 2 0 2 1 1 
1043 7,56525996720003E-06 path: 2 2 0 2 1 0 
1044 6,28245501624002E-06 path: 2 2 0 2 1 2 
1045 7,92207000000003E-07 path: 2 2 0 2 0 
1046 1,25168706E-07 path: 2 2 0 2 0 1 
1047 3,64415220000001E-07 path: 2 2 0 2 0 0 
1048 3,02623074000001E-07 path: 2 2 0 2 0 2 
1049 1,444985568E-05 path: 2 2 0 2 2 
1050 2,28307719744001E-06 path: 2 2 0 2 2 1 
1051 6,64693361280002E-06 path: 2 2 0 2 2 0 
1052 5,51984486976002E-06 path: 2 2 0 2 2 2 
1053 0,000166920000000001 path: 2 2 2 
1054 9,33082800000003E-05 path: 2 2 2 1 
1055 4,84269973200002E-05 path: 2 2 2 1 1 
1056 7,65146557656003E-06 path: 2 2 2 1 1 1 
1057 2,22764187672001E-05 path: 2 2 2 1 1 0 
1058 1,84991129762401E-05 path: 2 2 2 1 1 2 
1059 2,33270700000001E-06 path: 2 2 2 1 0 
1060 3,68567706000001E-07 path: 2 2 2 1 0 1 
1061 1,07304522E-06 path: 2 2 2 1 0 0 
1062 8,91094074000003E-07 path: 2 2 2 1 0 2 
1063 4,25485756800001E-05 path: 2 2 2 1 2 
1064 6,72267495744002E-06 path: 2 2 2 1 2 1 
1065 1,95723448128001E-05 path: 2 2 2 1 2 0 
1066 1,62535559097601E-05 path: 2 2 2 1 2 2 
1067 1,80273600000001E-05 path: 2 2 2 0 
1068 9,35619984000003E-06 path: 2 2 2 0 1 
1069 1,47827957472E-06 path: 2 2 2 0 1 1 
1070 4,30385192640001E-06 path: 2 2 2 0 1 0 
1071 3,57406833888001E-06 path: 2 2 2 0 1 2 
1072 4,50684000000001E-07 path: 2 2 2 0 0 
1073 7,12080720000002E-08 path: 2 2 2 0 0 1 
1074 2,07314640000001E-07 path: 2 2 2 0 0 0 
1075 1,72161288000001E-07 path: 2 2 2 0 0 2 
1076 8,22047616000003E-06 path: 2 2 2 0 2 
1077 1,29883523328E-06 path: 2 2 2 0 2 1 
1078 3,78141903360001E-06 path: 2 2 2 0 2 0 
1079 3,14022189312001E-06 path: 2 2 2 0 2 2 
1080 5,55843600000002E-05 path: 2 2 2 2 
1081 2,88482828400001E-05 path: 2 2 2 2 1 
1082 4,55802868872001E-06 path: 2 2 2 2 1 1 
1083 1,32702101064E-05 path: 2 2 2 2 1 0 
1084 1,102004404488E-05 path: 2 2 2 2 1 2 
1085 1,389609E-06 path: 2 2 2 2 0 
1086 2,19558222000001E-07 path: 2 2 2 2 0 1 
1087 6,39220140000002E-07 path: 2 2 2 2 0 0 
1088 5,30830638000002E-07 path: 2 2 2 2 0 2 
1089 2,53464681600001E-05 path: 2 2 2 2 2 
1090 4,00474196928001E-06 path: 2 2 2 2 2 1 
1091 1,16593753536E-05 path: 2 2 2 2 2 0 
1092 9,68235083712003E-06 path: 2 2 2 2 2 2 

