-0,008  -0,283
-0,015  -0,225
0  0
-0,017  -0,225
-0,024  -0,068
-0,108  -0,159
0,009  -0,064
-0,005  -0,114
0  0
-0,035  -0,205
0,025  -0,178
-0,008  0,297
-0,007  -0,046
-0,009  -0,182
-0,027  -0,205
0,032  -0,141
0,073  -0,164
-0,355  -0,109
-0,009  -0,193
-0,01  -0,151
0  0
0,018  -0,103
-0,008  -0,21
-0,006  -0,196
-0,01  -0,014
-0,01  -0,042
-0,021  -0,06
-0,007  -0,175
-0,005  -0,135
-0,033  -0,09
-0,007  -0,133
-0,025  -0,171
-0,008  -0,068
-0,005  -0,149
-0,007  -0,046
-0,014  -0,194
-0,01  -0,176
0,032  -0,153
-0,02  -0,23
0  0
-0,006  -0,305
0,108  -0,155
0,009  -0,151
-0,005  -0,179
0,043  -0,186
-0,009  -0,175
-0,006  -0,004
-0,007  -0,215
-0,006  -0,089
-0,007  0,129
-0,007  -0,178
-0,009  -0,233
-0,005  -0,069
0  0
0,02  -0,218
-0,009  -0,106
-0,057  -0,102
-0,006  -0,17
-0,018  -0,282
-0,006  0,034
-0,006  -0,229
-0,006  -0,009
-0,018  -0,11
-0,01  -0,146
-0,012  -0,201
0,053  -0,104
-0,016  -0,199
-0,011  -0,127
-0,02  -0,043
-0,006  -0,123
-0,009  -0,157
-0,005  -0,161
-0,006  -0,249
-0,006  -0,128
-0,005  -0,124
-0,005  0,026
-0,007  -0,007
-0,019  -0,123
-0,013  -0,224
-0,004  -0,051
-0,021  -0,063
-0,005  -0,162
-0,006  -0,16
-0,009  -0,17
-0,038  -0,215
-0,006  -0,204
0,028  -0,173
-0,006  -0,233
-0,006  0,067
-0,007  0,019
0,052  -0,132
-0,01  -0,069
-0,015  -0,106
-0,006  -0,176
-0,057  -0,165
-0,005  -0,254
0  0
-0,02  -0,265
-0,226  -0,061
0,044  -0,089
-----------------------------
Average Ev diff: -0,01077 Average Variance Diff: -0,12514
